   1.3123148e+02   7.0861122e+01
   1.3118593e+02   7.1085350e+01
   1.3183965e+02   7.1323479e+01
   1.3180046e+02   7.1548134e+01
   1.3247917e+02   7.1784241e+01
   1.3319884e+02   7.1792732e+01
   1.3393250e+02   7.1573280e+01
   1.3464413e+02   7.1576073e+01
   1.3535587e+02   7.1576073e+01
   1.3608092e+02   7.1798401e+01
   1.3677879e+02   7.1567688e+01
   1.3752083e+02   7.1784241e+01
   1.3823970e+02   7.1772926e+01
   1.3895755e+02   7.1758789e+01
   1.3961635e+02   7.1517456e+01
   1.3967416e+02   7.1741837e+01
   1.3973344e+02   7.1966339e+01
   1.3905934e+02   7.2208366e+01
   1.3911223e+02   7.2433327e+01
   1.3992061e+02   7.2640526e+01
   1.4067302e+02   7.2619690e+01
   1.4150896e+02   7.2820236e+01
   1.4226695e+02   7.2793152e+01
   1.4302240e+02   7.2763115e+01
   1.4377505e+02   7.2730133e+01
   1.4452467e+02   7.2694237e+01
   1.4527100e+02   7.2655426e+01
   1.4601384e+02   7.2613739e+01
   1.4675293e+02   7.2569199e+01
   1.4748808e+02   7.2521812e+01
   1.4821909e+02   7.2471611e+01
   1.4894572e+02   7.2418625e+01
   1.4966783e+02   7.2362885e+01
   1.5019089e+02   7.2086922e+01
   1.5069780e+02   7.1809731e+01
   1.5050505e+02   7.1592857e+01
   1.5118921e+02   7.1531395e+01
   1.5186865e+02   7.1467369e+01
   1.5233324e+02   7.1186226e+01
   1.5212805e+02   7.0971535e+01
   1.5278389e+02   7.0904129e+01
   1.5365364e+02   7.1047333e+01
   1.5430630e+02   7.0974236e+01
   1.5519060e+02   7.1109833e+01
   1.5608768e+02   7.1240997e+01
   1.5673682e+02   7.1158905e+01
   1.5738014e+02   7.1074478e+01
   1.5829012e+02   7.1194435e+01
   1.5892728e+02   7.1104393e+01
   1.5927444e+02   7.0807518e+01
   1.5989377e+02   7.0714081e+01
   1.6021892e+02   7.0415688e+01
   1.6053413e+02   7.0116951e+01
   1.6025316e+02   6.9914513e+01
   1.6083983e+02   6.9817909e+01
   1.6142073e+02   6.9719284e+01
   1.6199583e+02   6.9618668e+01
   1.6286372e+02   6.9714241e+01
   1.6373979e+02   6.9805237e+01
   1.6430507e+02   6.9696602e+01
   1.6486417e+02   6.9586082e+01
   1.6574297e+02   6.9666397e+01
   1.6629305e+02   6.9551056e+01
   1.6717560e+02   6.9623688e+01
   1.6752094e+02   6.9812843e+01
   1.6787291e+02   7.0001366e+01
   1.6878116e+02   7.0065491e+01
   1.6932364e+02   6.9940010e+01
   1.6949197e+02   6.9628708e+01
   1.6860124e+02   6.9568565e+01
   1.6877754e+02   6.9258362e+01
   1.6929865e+02   6.9133232e+01
   1.6981337e+02   6.9006485e+01
   1.7032175e+02   6.8878151e+01
   1.7068291e+02   6.9060005e+01
   1.7053767e+02   6.9371925e+01
   1.7001817e+02   6.9501129e+01
   1.6985921e+02   6.9812843e+01
   1.7023332e+02   6.9996246e+01
   1.7061449e+02   7.0178902e+01
   1.7153871e+02   7.0228088e+01
   1.7206725e+02   7.0093781e+01
   1.7258850e+02   6.9957886e+01
   1.7350647e+02   6.9996246e+01
   1.7401505e+02   6.9855980e+01
   1.7493057e+02   6.9886497e+01
   1.7584871e+02   6.9911957e+01
   1.7676900e+02   6.9932358e+01
   1.7725191e+02   6.9782448e+01
   1.7772755e+02   6.9631218e+01
   1.7819600e+02   6.9478706e+01
   1.7909778e+02   6.9486176e+01
   1.7955238e+02   6.9329880e+01
  -1.8000000e+02   6.9172401e+01
  -1.7955927e+02   6.9013771e+01
  -1.7912532e+02   6.8854034e+01
  -1.7869804e+02   6.8693199e+01
  -1.7827734e+02   6.8531311e+01
  -1.7741698e+02   6.8519463e+01
  -1.7700966e+02   6.8354286e+01
  -1.7660866e+02   6.8188148e+01
  -1.7621388e+02   6.8021072e+01
  -1.7582523e+02   6.7853088e+01
  -1.7499417e+02   6.7827896e+01
  -1.7506584e+02   6.7514481e+01
  -1.7469489e+02   6.7343910e+01
  -1.7432964e+02   6.7172531e+01
  -1.7440845e+02   6.6860138e+01
  -1.7448509e+02   6.6548042e+01
  -1.7405313e+02   6.6688347e+01
  -1.7440845e+02   6.6860138e+01
  -1.7432964e+02   6.7172531e+01
  -1.7352605e+02   6.7139305e+01
  -1.7272499e+02   6.7101723e+01
  -1.7192679e+02   6.7059792e+01
  -1.7158766e+02   6.6881989e+01
  -1.7125385e+02   6.6703514e+01
  -1.7047272e+02   6.6653725e+01
  -1.7015099e+02   6.6472885e+01
  -1.6983430e+02   6.6291443e+01
  -1.6952258e+02   6.6109428e+01
  -1.6876555e+02   6.6050499e+01
  -1.6846538e+02   6.5866333e+01
  -1.6816989e+02   6.5681664e+01
  -1.6771904e+02   6.5801834e+01
  -1.6726360e+02   6.5920586e+01
  -1.6709259e+02   6.6225655e+01
  -1.6662556e+02   6.6342514e+01
  -1.6615379e+02   6.6457878e+01
  -1.6567728e+02   6.6571724e+01
  -1.6519601e+02   6.6684013e+01
  -1.6443369e+02   6.6601898e+01
  -1.6367696e+02   6.6515800e+01
  -1.6341266e+02   6.6321220e+01
  -1.6315280e+02   6.6126289e+01
  -1.6266911e+02   6.6229889e+01
  -1.6193155e+02   6.6134727e+01
  -1.6168880e+02   6.6432190e+01
  -1.6243498e+02   6.6528694e+01
  -1.6269327e+02   6.6725197e+01
  -1.6295607e+02   6.6921371e+01
  -1.6372374e+02   6.7011353e+01
  -1.6399898e+02   6.7205803e+01
  -1.6427907e+02   6.7399864e+01
  -1.6456413e+02   6.7593513e+01
  -1.6485429e+02   6.7786743e+01
  -1.6566006e+02   6.7866844e+01
  -1.6596376e+02   6.8058083e+01
  -1.6627290e+02   6.8248825e+01
  -1.6658765e+02   6.8439064e+01
  -1.6638582e+02   6.8745865e+01
  -1.6617795e+02   6.9052696e+01
  -1.6532361e+02   6.8974930e+01
  -1.6478368e+02   6.9086823e+01
  -1.6423785e+02   6.9196922e+01
  -1.6368614e+02   6.9305183e+01
  -1.6343117e+02   6.9608635e+01
  -1.6316833e+02   6.9911957e+01
  -1.6289728e+02   7.0215126e+01
  -1.6230911e+02   7.0319038e+01
  -1.6171465e+02   7.0420929e+01
  -1.6111391e+02   7.0520752e+01
  -1.6050694e+02   7.0618484e+01
  -1.5989377e+02   7.0714081e+01
  -1.5955820e+02   7.1012100e+01
  -1.5864902e+02   7.0898750e+01
  -1.5801756e+02   7.0987747e+01
  -1.5738014e+02   7.1074478e+01
  -1.5699741e+02   7.1367622e+01
  -1.5634201e+02   7.1450706e+01
  -1.5543283e+02   7.1320724e+01
  -1.5519060e+02   7.1109833e+01
  -1.5430630e+02   7.0974236e+01
  -1.5365364e+02   7.1047333e+01
  -1.5278389e+02   7.0904129e+01
  -1.5192751e+02   7.0756737e+01
  -1.5173149e+02   7.0541840e+01
  -1.5108458e+02   7.0605247e+01
  -1.5043343e+02   7.0666222e+01
  -1.4977817e+02   7.0724731e+01
  -1.4895451e+02   7.0562950e+01
  -1.4814487e+02   7.0397362e+01
  -1.4734920e+02   7.0228088e+01
  -1.4670058e+02   7.0274803e+01
  -1.4604890e+02   7.0319038e+01
  -1.4527536e+02   7.0140160e+01
  -1.4462524e+02   7.0178902e+01
  -1.4397263e+02   7.0215126e+01
  -1.4331764e+02   7.0248833e+01
  -1.4257295e+02   7.0057785e+01
  -1.4184277e+02   6.9863602e+01
  -1.4112694e+02   6.9666397e+01
  -1.4048616e+02   6.9689049e+01
  -1.3984399e+02   6.9709198e+01
  -1.3920062e+02   6.9726852e+01
  -1.3851654e+02   6.9518585e+01
  -1.3847778e+02   6.9295319e+01
  -1.3781555e+02   6.9084381e+01
  -1.3719057e+02   6.9094147e+01
  -1.3656506e+02   6.9101463e+01
  -1.3594957e+02   6.9329880e+01
  -1.3532008e+02   6.9556053e+01
  -1.3467992e+02   6.9556053e+01
  -1.3402898e+02   6.9777390e+01
  -1.3339998e+02   6.9548553e+01
  -1.3273524e+02   6.9764740e+01
  -1.3205595e+02   6.9978333e+01
  -1.3140329e+02   6.9965553e+01
  -1.3070261e+02   7.0173729e+01
  -1.3004456e+02   7.0155647e+01
  -1.2945154e+02   6.9911957e+01
  -1.2880359e+02   6.9889038e+01
  -1.2873251e+02   7.0111801e+01
  -1.2799873e+02   7.0308624e+01
  -1.2858540e+02   7.0557671e+01
  -1.2783276e+02   7.0754066e+01
  -1.2774680e+02   7.0976936e+01
  -1.2765878e+02   7.1199905e+01
  -1.2686990e+02   7.1392509e+01
  -1.2676903e+02   7.1615265e+01
  -1.2666563e+02   7.1838097e+01
  -1.2583765e+02   7.2026520e+01
  -1.2571996e+02   7.2249039e+01
  -1.2559922e+02   7.2471611e+01
  -1.2547533e+02   7.2694237e+01
  -1.2534817e+02   7.2916901e+01
  -1.2521759e+02   7.3139610e+01
  -1.2508347e+02   7.3362350e+01
  -1.2494566e+02   7.3585121e+01
  -1.2400749e+02   7.3766296e+01
  -1.2465836e+02   7.4030724e+01
  -1.2533133e+02   7.4293213e+01
  -1.2518874e+02   7.4516640e+01
  -1.2504193e+02   7.4740089e+01
  -1.2489070e+02   7.4963539e+01
  -1.2473486e+02   7.5187004e+01
  -1.2457419e+02   7.5410454e+01
  -1.2440847e+02   7.5633904e+01
  -1.2332629e+02   7.5813087e+01
  -1.2313561e+02   7.6035759e+01
  -1.2293869e+02   7.6258369e+01
  -1.2273523e+02   7.6480911e+01
  -1.2156181e+02   7.6652306e+01
  -1.2132869e+02   7.6873795e+01
  -1.2010130e+02   7.7038437e+01
  -1.1983554e+02   7.7258636e+01
  -1.1855139e+02   7.7415977e+01
  -1.1723515e+02   7.7566925e+01
  -1.1690609e+02   7.7784073e+01
  -1.1656505e+02   7.8000877e+01
  -1.1515930e+02   7.8141777e+01
  -1.1477514e+02   7.8356415e+01
  -1.1330489e+02   7.8488083e+01
  -1.1180141e+02   7.8612068e+01
  -1.1133686e+02   7.8821854e+01
  -1.1085446e+02   7.9030952e+01
  -1.0924953e+02   7.9141891e+01
  -1.0761258e+02   7.9244209e+01
  -1.0594540e+02   7.9337646e+01
  -1.0533328e+02   7.9537148e+01
  -1.0469732e+02   7.9735474e+01
  -1.0292600e+02   7.9812805e+01
  -1.0222512e+02   8.0006165e+01
  -1.0149657e+02   8.0198029e+01
  -1.0073890e+02   8.0388298e+01
  -9.9950630e+01   8.0576889e+01
  -9.9130173e+01   8.0763672e+01
  -9.8275894e+01   8.0948540e+01
  -9.7386040e+01   8.1131363e+01
  -9.6458817e+01   8.1312012e+01
  -9.5492325e+01   8.1490334e+01
  -9.4484604e+01   8.1666183e+01
  -9.3433632e+01   8.1839386e+01
  -9.1145760e+01   8.1852364e+01
  -9.0000000e+01   8.2016396e+01
  -8.8806511e+01   8.2177147e+01
  -8.7563354e+01   8.2334396e+01
  -8.6268600e+01   8.2487930e+01
  -8.3796555e+01   8.2459778e+01
  -8.2724998e+01   8.2279335e+01
  -8.2405357e+01   8.2601608e+01
  -8.0960518e+01   8.2738945e+01
  -8.0537682e+01   8.3059883e+01
  -7.7905243e+01   8.2999046e+01
  -7.6293037e+01   8.3121262e+01
  -7.3686150e+01   8.3037010e+01
  -7.1995842e+01   8.3144424e+01
  -7.0253166e+01   8.3245705e+01
  -6.7693794e+01   8.3128975e+01
  -6.6974510e+01   8.2916260e+01
  -6.5224861e+01   8.2999046e+01
  -6.2850319e+01   8.2856659e+01
  -6.2300526e+01   8.2637497e+01
  -6.0101097e+01   8.2480881e+01
  -5.7994617e+01   8.2313705e+01
  -5.6309933e+01   8.2362083e+01
  -5.4605206e+01   8.2403793e+01
  -5.2883141e+01   8.2438736e+01
  -5.0964489e+01   8.2238297e+01
  -5.0792797e+01   8.2009773e+01
  -5.0964489e+01   8.2238297e+01
  -5.1146626e+01   8.2466805e+01
  -4.9537773e+01   8.2717087e+01
  -4.7642544e+01   8.2502045e+01
  -4.7563770e+01   8.2272476e+01
  -4.5830315e+01   8.2049614e+01
  -4.7563770e+01   8.2272476e+01
  -4.7642544e+01   8.2502045e+01
  -4.5909382e+01   8.2738945e+01
  -4.7815556e+01   8.2961296e+01
  -4.5971024e+01   8.3198769e+01
  -4.4028976e+01   8.3198769e+01
  -4.1987213e+01   8.3420692e+01
  -3.9986885e+01   8.3404594e+01
  -3.7746807e+01   8.3608803e+01
  -3.5706692e+01   8.3575691e+01
  -3.3274887e+01   8.3760002e+01
  -3.1218403e+01   8.3709198e+01
  -2.9197487e+01   8.3650436e+01
  -2.7216112e+01   8.3583954e+01
  -2.5942295e+01   8.3292976e+01
  -2.4775141e+01   8.2999046e+01
  -2.3025492e+01   8.2916260e+01
  -2.1317913e+01   8.2827049e+01
  -2.0409883e+01   8.2523270e+01
  -2.1124720e+01   8.2313705e+01
  -2.3355564e+01   8.2190697e+01
  -2.5513870e+01   8.2056274e+01
  -2.7095552e+01   8.2129921e+01
  -2.9167614e+01   8.1976723e+01
  -2.7095552e+01   8.2129921e+01
  -2.5513870e+01   8.2056274e+01
  -2.3962488e+01   8.1976723e+01
  -2.1801409e+01   8.2103058e+01
  -2.0955776e+01   8.1800575e+01
  -2.0170654e+01   8.1496552e+01
  -2.0806791e+01   8.1287704e+01
  -2.0170654e+01   8.1496552e+01
  -1.8083445e+01   8.1602951e+01
  -1.7354025e+01   8.1807030e+01
  -1.5154068e+01   8.1897957e+01
  -1.2907409e+01   8.1976723e+01
  -1.2407418e+01   8.1659836e+01
  -1.1093723e+01   8.1533951e+01
  -8.9149265e+00   8.1590363e+01
  -7.6668043e+00   8.1453133e+01
  -6.4588165e+00   8.1312012e+01
  -5.2900810e+00   8.1167191e+01
  -4.1596422e+00   8.1018860e+01
  -2.0825653e+00   8.1036530e+01
  -1.0230302e+00   8.0878769e+01
   0.0000000e+00   8.0718040e+01
   2.0095539e+00   8.0712349e+01
   2.9609361e+00   8.0543327e+01
   4.9271097e+00   8.0521027e+01
   5.8067269e+00   8.0344475e+01
   7.7218256e+00   8.0306290e+01
   8.5307655e+00   8.0122963e+01
   1.0388858e+01   8.0069695e+01
   1.2225122e+01   8.0006165e+01
   1.2925999e+01   7.9812805e+01
   1.4697319e+01   7.9735474e+01
   1.5172915e+01   8.0048470e+01
   1.6966148e+01   7.9958778e+01
   1.8138083e+01   8.0064384e+01
   1.8741341e+01   8.0371841e+01
   1.9983107e+01   8.0471031e+01
   2.1801409e+01   8.0355408e+01
   2.3070412e+01   8.0443375e+01
   2.4842388e+01   8.0311737e+01
   2.6131001e+01   8.0388298e+01
   2.7439728e+01   8.0459961e+01
   2.9148071e+01   8.0306290e+01
   3.0465546e+01   8.0366364e+01
   3.1798912e+01   8.0421303e+01
   3.3146996e+01   8.0471031e+01
   3.4508522e+01   8.0515457e+01
   3.5882137e+01   8.0554497e+01
   3.7266403e+01   8.0588097e+01
   3.8659809e+01   8.0616188e+01
   4.0060783e+01   8.0638725e+01
   4.1467705e+01   8.0655663e+01
   4.2825256e+01   8.0896156e+01
   4.4274776e+01   8.0901962e+01
   4.5725224e+01   8.0901962e+01
   4.7174744e+01   8.0896156e+01
   4.8715290e+01   8.1113503e+01
   5.0194427e+01   8.1095680e+01
   5.1842773e+01   8.1299850e+01
   5.3343891e+01   8.1269516e+01
   5.5097504e+01   8.1459320e+01
   5.5375843e+01   8.1685249e+01
   5.7264774e+01   8.1865364e+01
   5.9237282e+01   8.2036316e+01
   6.0832386e+01   8.1976723e+01
   6.2402702e+01   8.1911026e+01
   6.3946507e+01   8.1839386e+01
   6.4916405e+01   8.1546455e+01
   6.5820892e+01   8.1251373e+01
   6.6665962e+01   8.0954376e+01
   6.6139824e+01   8.0740829e+01
   6.5637550e+01   8.0526596e+01
   6.6425293e+01   8.0230377e+01
   6.5942650e+01   8.0016724e+01
   6.6682289e+01   7.9720085e+01
   6.7380135e+01   7.9421967e+01
   6.6914864e+01   7.9209991e+01
   6.7574135e+01   7.8911652e+01
   6.7126335e+01   7.8700157e+01
   6.7750977e+01   7.8401642e+01
   6.8344009e+01   7.8101982e+01
   6.7912827e+01   7.7891975e+01
   6.8477402e+01   7.7592270e+01
   6.9015099e+01   7.7291595e+01
   6.8600189e+01   7.7082977e+01
   6.9114197e+01   7.6782364e+01
   6.9605125e+01   7.6480911e+01
   6.9205887e+01   7.6273598e+01
   6.7948936e+01   7.6156036e+01
   6.6713936e+01   7.6032013e+01
   6.6370621e+01   7.5820450e+01
   6.5179459e+01   7.5688507e+01
   6.4010765e+01   7.5550591e+01
   6.2864861e+01   7.5406883e+01
   6.1741970e+01   7.5257553e+01
   6.1488754e+01   7.5039963e+01
   6.0407703e+01   7.4884079e+01
   6.0179928e+01   7.4665230e+01
   5.9958637e+01   7.4446251e+01
   5.8934834e+01   7.4283287e+01
   5.8736267e+01   7.4063286e+01
   5.8543175e+01   7.3843216e+01
   5.8355343e+01   7.3623085e+01
   5.7399666e+01   7.3452957e+01
   5.7231503e+01   7.3232033e+01
   5.7067768e+01   7.3011101e+01
   5.6159943e+01   7.2835304e+01
   5.6013832e+01   7.2613739e+01
   5.5871452e+01   7.2392197e+01
   5.5732666e+01   7.2170677e+01
   5.5597336e+01   7.1949188e+01
   5.6169502e+01   7.1685471e+01
   5.6032475e+01   7.1464592e+01
   5.6583420e+01   7.1199905e+01
   5.7118759e+01   7.0933754e+01
   5.7639061e+01   7.0666222e+01
   5.8298569e+01   7.0615837e+01
   5.8954510e+01   7.0562950e+01
   5.9606739e+01   7.0507584e+01
   6.0080791e+01   7.0233269e+01
   6.0541595e+01   6.9957886e+01
   6.1169033e+01   6.9896675e+01
   6.1792511e+01   6.9833130e+01
   6.2411919e+01   6.9767273e+01
   6.3027157e+01   6.9699120e+01
   6.3638126e+01   6.9628708e+01
   6.4244728e+01   6.9556053e+01
   6.4846886e+01   6.9481194e+01
   6.5444504e+01   6.9404144e+01
   6.5812645e+01   6.9116119e+01
   6.6395882e+01   6.9035660e+01
   6.6974510e+01   6.8953110e+01
   6.7548454e+01   6.8868500e+01
   6.7878059e+01   6.8576408e+01
   6.8437988e+01   6.8488678e+01
   6.8682091e+01   6.8693199e+01
   6.8362061e+01   6.8987061e+01
   6.8032753e+01   6.9280525e+01
   6.7449127e+01   6.9366974e+01
   6.6860535e+01   6.9451332e+01
   6.6501434e+01   6.9741997e+01
   6.6740776e+01   6.9950226e+01
   6.6985245e+01   7.0158226e+01
   6.6614777e+01   7.0449768e+01
   6.6864304e+01   7.0658257e+01
   6.6482040e+01   7.0949936e+01
   6.6736816e+01   7.1158905e+01
   6.6997406e+01   7.1367622e+01
   6.7263992e+01   7.1576073e+01
   6.8198593e+01   7.1696732e+01
   6.8484116e+01   7.1903526e+01
   6.8101807e+01   7.2199661e+01
   6.8394470e+01   7.2406876e+01
   6.8694214e+01   7.2613739e+01
   6.9001282e+01   7.2820236e+01
   7.0016891e+01   7.2932060e+01
   7.1045769e+01   7.3038551e+01
   7.1737106e+01   7.2938126e+01
   7.2420151e+01   7.2835304e+01
   7.2741043e+01   7.2530685e+01
   7.3050774e+01   7.2225784e+01
   7.2707550e+01   7.2026520e+01
   7.2371979e+01   7.1826744e+01
   7.2675911e+01   7.1523033e+01
   7.2349876e+01   7.1323479e+01
   7.2645973e+01   7.1020226e+01
   7.2932594e+01   7.0716743e+01
   7.3210167e+01   7.0413071e+01
   7.2897270e+01   7.0215126e+01
   7.2590698e+01   7.0016739e+01
   7.2863724e+01   6.9714241e+01
   7.3128571e+01   6.9411591e+01
   7.2831825e+01   6.9214104e+01
   7.3090729e+01   6.8911964e+01
   7.3635078e+01   6.8805885e+01
   7.3877403e+01   6.8502876e+01
   7.3586418e+01   6.8307350e+01
   7.3300758e+01   6.8111404e+01
   7.3539986e+01   6.7809593e+01
   7.3261238e+01   6.7613892e+01
   7.2987450e+01   6.7417801e+01
   7.2718498e+01   6.7221352e+01
   7.2454269e+01   6.7024551e+01
   7.2194649e+01   6.6827415e+01
   7.1439674e+01   6.6729538e+01
   7.0691330e+01   6.6627792e+01
   7.0451454e+01   6.6427910e+01
   7.1192200e+01   6.6530838e+01
   7.1688797e+01   6.6432190e+01
   7.2181114e+01   6.6331863e+01
   7.1939529e+01   6.6629951e+01
   7.2693268e+01   6.6725197e+01
   7.2956062e+01   6.6921371e+01
   7.3723740e+01   6.7011353e+01
   7.3495636e+01   6.7312645e+01
   7.3772636e+01   6.7507721e+01
   7.4054604e+01   6.7702408e+01
   7.4341652e+01   6.7896675e+01
   7.4633911e+01   6.8090523e+01
   7.4112831e+01   6.8199806e+01
   7.3877403e+01   6.8502876e+01
   7.4173843e+01   6.8697983e+01
   7.4475891e+01   6.8892639e+01
   7.5323608e+01   6.8974930e+01
   7.6177948e+01   6.9052696e+01
   7.6709198e+01   6.8936157e+01
   7.7234436e+01   6.8817909e+01
   7.7424538e+01   6.8509987e+01
   7.7609146e+01   6.8202133e+01
   7.7935112e+01   6.8389565e+01
   7.7424538e+01   6.8509987e+01
   7.7234436e+01   6.8817909e+01
   7.6709198e+01   6.8936157e+01
   7.6177948e+01   6.9052696e+01
   7.5640663e+01   6.9167503e+01
   7.4783676e+01   6.9086823e+01
   7.3933601e+01   6.9001625e+01
   7.3686150e+01   6.9305183e+01
   7.3431168e+01   6.9608635e+01
   7.3168335e+01   6.9911957e+01
   7.3479111e+01   7.0109222e+01
   7.3796227e+01   7.0306023e+01
   7.4119858e+01   7.0502319e+01
   7.3855659e+01   7.0807518e+01
   7.3582764e+01   7.1112556e+01
   7.2969841e+01   7.1219070e+01
   7.2675911e+01   7.1523033e+01
   7.3009178e+01   7.1722092e+01
   7.3349892e+01   7.1920631e+01
   7.4337891e+01   7.2009308e+01
   7.4699158e+01   7.2205460e+01
   7.5709679e+01   7.2286903e+01
   7.5963753e+01   7.1977791e+01
   7.5593315e+01   7.1784241e+01
   7.5842369e+01   7.1475708e+01
   7.6446236e+01   7.1359337e+01
   7.7042419e+01   7.1240997e+01
   7.7630936e+01   7.1120728e+01
   7.8211815e+01   7.0998566e+01
   7.7630936e+01   7.1120728e+01
   7.7042419e+01   7.1240997e+01
   7.6446236e+01   7.1359337e+01
   7.6209129e+01   7.1668594e+01
   7.5963753e+01   7.1977791e+01
   7.6966644e+01   7.2052383e+01
   7.7582558e+01   7.1932053e+01
   7.6966644e+01   7.2052383e+01
   7.6729355e+01   7.2362885e+01
   7.7125000e+01   7.2554375e+01
   7.8166351e+01   7.2622665e+01
   7.8794052e+01   7.2498169e+01
   7.9412682e+01   7.2371674e+01
   8.0022285e+01   7.2243225e+01
   8.0622940e+01   7.2112869e+01
   8.1214699e+01   7.1980652e+01
   8.1797646e+01   7.1846619e+01
   8.2234833e+01   7.2026520e+01
   8.1649246e+01   7.2161995e+01
   8.1054619e+01   7.2295654e+01
   8.0450867e+01   7.2427444e+01
   8.0272423e+01   7.2742119e+01
   8.0716446e+01   7.2925995e+01
   8.0087250e+01   7.3056877e+01
   7.9894966e+01   7.3371696e+01
   8.0351952e+01   7.3556702e+01
   8.1469231e+01   7.3607254e+01
   8.2593086e+01   7.3651619e+01
   8.3722702e+01   7.3689751e+01
   8.4232109e+01   7.3865723e+01
   8.5380074e+01   7.3894714e+01
   8.5914383e+01   7.4066551e+01
   8.6460442e+01   7.4237053e+01
   8.5829567e+01   7.4386177e+01
   8.5741158e+01   7.4706009e+01
   8.6308617e+01   7.4877190e+01
   8.6889160e+01   7.5046928e+01
   8.7483124e+01   7.5215179e+01
   8.8090851e+01   7.5381882e+01
   8.8712669e+01   7.5546982e+01
   8.9348938e+01   7.5710411e+01
   9.0651062e+01   7.5710411e+01
   9.1316910e+01   7.5868416e+01
   9.2632439e+01   7.5857330e+01
   9.2694283e+01   7.6178703e+01
   9.4037712e+01   7.6159813e+01
   9.4763641e+01   7.6307922e+01
   9.6115501e+01   7.6277405e+01
   9.6709839e+01   7.6099518e+01
   9.7460564e+01   7.6239357e+01
   9.8226723e+01   7.6376846e+01
   9.9008507e+01   7.6511909e+01
   1.0036633e+02   7.6457718e+01
   1.0061965e+02   7.6774445e+01
   1.0088553e+02   7.7091095e+01
   1.0173857e+02   7.7217560e+01
   1.0204257e+02   7.7533218e+01
   1.0293806e+02   7.7655861e+01
   1.0385142e+02   7.7775482e+01
   1.0532151e+02   7.7694183e+01
   1.0677122e+02   7.7604965e+01
   1.0634818e+02   7.7295715e+01
   1.0683747e+02   7.7095154e+01
   1.0820848e+02   7.6998077e+01
   1.0777132e+02   7.6691574e+01
   1.0689865e+02   7.6585815e+01
   1.0777132e+02   7.6691574e+01
   1.0865789e+02   7.6794250e+01
   1.0955825e+02   7.6893761e+01
   1.1088580e+02   7.6782364e+01
   1.1219029e+02   7.6664078e+01
   1.1347099e+02   7.6539085e+01
   1.1382426e+02   7.6327034e+01
   1.1416663e+02   7.6114563e+01
   1.1449857e+02   7.5901718e+01
   1.1396249e+02   7.5608490e+01
   1.1428583e+02   7.5396164e+01
   1.1377235e+02   7.5102791e+01
   1.1295409e+02   7.5019081e+01
   1.1247943e+02   7.4723038e+01
   1.1168906e+02   7.4634712e+01
   1.1125050e+02   7.4336304e+01
   1.1048701e+02   7.4243645e+01
   1.0973269e+02   7.4148277e+01
   1.0934433e+02   7.3846428e+01
   1.0861569e+02   7.3747124e+01
   1.0825756e+02   7.3443558e+01
   1.0718571e+02   7.3540939e+01
   1.0685840e+02   7.3235123e+01
   1.0755354e+02   7.3340553e+01
   1.0825756e+02   7.3443558e+01
   1.0897041e+02   7.3544090e+01
   1.0969202e+02   7.3642105e+01
   1.0934433e+02   7.3846428e+01
   1.0973269e+02   7.4148277e+01
   1.1082855e+02   7.4037231e+01
   1.1190871e+02   7.3920525e+01
   1.1297272e+02   7.3798294e+01
   1.1402025e+02   7.3670677e+01
   1.1477514e+02   7.3750313e+01
   1.1553744e+02   7.3827156e+01
   1.1656505e+02   7.3686569e+01
   1.1733236e+02   7.3756706e+01
   1.1833913e+02   7.3607254e+01
   1.1932718e+02   7.3452957e+01
   1.1878662e+02   7.3173439e+01
   1.1953878e+02   7.3235123e+01
   1.2049335e+02   7.3075226e+01
   1.2124693e+02   7.3130394e+01
   1.2200539e+02   7.3182671e+01
   1.2293223e+02   7.3011101e+01
   1.2276850e+02   7.3232033e+01
   1.2260033e+02   7.3452957e+01
   1.2321525e+02   7.3721596e+01
   1.2400749e+02   7.3766296e+01
   1.2480401e+02   7.3807915e+01
   1.2573547e+02   7.3623085e+01
   1.2664565e+02   7.3434166e+01
   1.2732552e+02   7.3689751e+01
   1.2822043e+02   7.3493744e+01
   1.2909386e+02   7.3293953e+01
   1.2917366e+02   7.3069107e+01
   1.3001367e+02   7.2865479e+01
   1.3007939e+02   7.2640526e+01
   1.3014340e+02   7.2415688e+01
   1.2947246e+02   7.2170677e+01
   1.2954245e+02   7.1946327e+01
   1.2961069e+02   7.1722092e+01
   1.2967725e+02   7.1497963e+01
   1.2974219e+02   7.1273941e+01
   1.3049509e+02   7.1069046e+01
   1.3123148e+02   7.0861122e+01
